{"Amer-Indian-Eskimo_race": [0.5, 0.75, 0.6],
 "Asian-Pac-Islander_race": [0.6363636363636364, 0.7777777777777778, 0.7000000000000001],
 "Black_race": [0.48, 0.8275862068965517, 0.6075949367088608],
 "Other_race": [0.25, 1.0, 0.4],
 "White_race": [0.47058823529411764, 0.8615384615384616, 0.608695652173913]}